Accuracy: 0.8333333333333334
Precision: 0.8611111111111112
Recall: 0.8333333333333334
F1 Score: 0.7575757575757576
